02 02 02 02 02 02 02 02 02 02 02 02 02 02 02 02 02 02 02 02 02 02 02 02 02 02 02 02 02 02 02 02 02 02 02 02 02 02 02 02 02 02 02 02 02 02 02 02 02 02
02 00 00 00 00 00 10 10 10 10 00 00 00 00 00 00 00 00 00 00 00 00 00 00 00 00 00 00 00 00 00 00 00 00 00 00 00 00 00 00 00 00 00 00 00 00 00 00 00 02
02 00 03 00 00 00 10 06 06 10 00 00 00 00 05 00 00 00 00 00 00 00 00 00 00 00 00 00 00 00 00 00 00 00 00 00 00 00 00 00 00 00 00 00 03 00 00 00 00 02
02 00 00 00 00 00 10 10 10 10 00 00 00 00 00 00 00 00 00 00 00 00 00 00 01 01 01 07 07 07 01 01 01 00 00 00 00 00 00 00 00 00 00 00 00 00 00 00 00 02
02 00 00 00 00 00 00 00 09 09 09 09 09 09 00 00 00 00 00 00 00 00 00 00 01 01 01 07 07 07 01 01 01 01 01 00 00 00 00 00 00 00 00 00 00 00 00 00 00 02
02 00 00 00 00 00 00 09 09 00 00 00 00 09 09 00 00 00 00 00 00 00 00 01 01 01 01 07 07 07 01 08 08 01 01 01 00 00 00 00 00 00 00 10 10 10 00 00 00 02
02 00 00 00 00 00 09 09 00 00 00 00 00 00 09 09 00 00 00 00 00 00 01 01 01 01 01 07 07 07 01 01 01 01 01 01 01 00 00 00 00 00 00 10 06 10 00 00 00 02
02 00 00 00 00 09 09 00 00 00 00 00 00 00 00 09 09 00 00 00 00 01 01 01 01 01 07 07 07 07 07 01 01 01 01 01 01 01 00 00 00 00 00 10 10 10 00 00 00 02
02 00 00 00 00 09 09 00 00 00 00 00 00 00 00 00 09 09 00 00 01 01 01 01 01 01 07 07 07 07 07 01 01 01 01 01 01 01 01 00 00 00 00 00 00 00 00 00 00 02
02 00 00 00 09 09 00 00 00 00 00 00 00 00 00 00 00 09 09 09 01 01 01 08 01 01 07 07 07 07 07 01 01 08 01 01 01 01 01 00 00 00 00 00 00 00 00 00 00 02
02 00 00 00 09 09 00 00 00 00 00 05 00 00 00 00 00 00 00 09 01 01 01 01 01 01 01 07 07 07 01 01 01 01 01 01 01 01 01 00 00 03 00 00 00 00 00 00 00 02
02 00 00 09 09 00 00 00 00 00 00 00 00 00 00 00 00 00 00 09 00 01 01 01 01 01 01 07 07 07 01 01 01 01 01 01 01 01 00 00 00 00 00 00 00 00 00 00 00 02
02 00 00 09 09 00 00 00 00 10 10 10 00 00 00 00 00 00 00 00 00 00 01 01 01 01 01 07 07 07 01 01 01 01 01 00 00 00 00 00 00 00 00 00 00 00 00 00 00 02
02 00 09 09 00 00 00 00 00 10 06 10 00 00 00 00 00 00 00 00 00 00 00 01 01 01 01 07 07 07 01 01 01 00 00 00 00 00 00 00 00 00 00 00 00 00 00 00 00 02
02 00 09 09 00 00 00 00 00 10 10 10 00 00 00 00 00 00 00 10 10 10 00 00 00 01 01 07 07 07 01 01 00 00 00 00 00 00 00 00 00 00 00 00 00 00 00 00 00 02
02 09 09 00 00 00 00 00 00 00 00 00 00 00 00 00 00 00 10 00 10 00 00 00 09 09 09 09 09 09 00 00 00 00 00 00 00 00 00 00 00 00 00 00 00 00 00 00 00 02
02 09 09 00 00 00 00 00 00 00 00 00 00 00 00 00 00 00 00 10 00 10 00 09 09 09 09 09 09 09 00 00 00 00 00 00 00 00 00 00 00 00 00 00 00 00 00 00 00 02
02 09 09 00 00 00 00 00 00 00 00 00 00 00 00 00 00 00 00 00 10 10 00 09 09 00 00 10 10 10 10 00 00 00 00 00 00 00 00 00 00 00 00 00 00 00 00 00 00 02
02 00 09 09 00 00 00 00 00 00 00 00 00 00 00 00 00 00 00 10 10 00 00 09 09 00 10 00 10 10 10 00 00 00 00 00 05 00 00 00 00 00 00 00 00 00 00 00 00 02
02 00 09 09 09 09 09 00 00 00 00 00 00 00 00 00 10 00 10 10 10 10 05 05 05 10 10 10 10 10 00 00 00 00 00 00 00 00 00 00 00 00 10 10 10 00 00 00 00 02
02 00 00 00 00 00 09 09 09 09 09 09 09 09 09 09 10 10 10 10 10 05 05 05 05 05 10 10 10 10 10 00 00 00 00 00 00 00 00 00 00 00 10 06 10 00 00 00 00 02
02 00 00 00 00 00 00 00 00 00 00 00 00 09 09 10 00 10 10 10 05 05 05 05 05 05 05 10 10 10 00 00 00 00 00 00 00 00 00 00 00 00 10 10 10 00 00 00 00 02
02 00 00 00 00 00 00 00 00 00 00 00 09 09 00 10 10 10 10 10 10 05 05 05 05 05 10 10 10 00 00 00 00 00 00 00 00 00 00 00 00 00 00 00 00 00 00 00 00 02
02 00 03 00 00 00 00 00 00 00 00 00 09 09 00 00 10 10 10 10 10 10 05 05 05 10 10 10 10 10 00 00 00 00 00 00 00 00 00 00 00 00 00 00 00 00 00 00 00 02
02 00 00 00 00 00 00 00 00 00 00 00 09 09 00 00 10 10 10 10 10 10 10 10 10 10 10 10 10 10 10 10 00 00 00 00 00 00 00 00 00 00 00 00 00 00 00 00 00 02
02 00 00 00 00 00 00 00 00 00 00 00 09 09 00 10 10 10 10 10 10 10 10 10 10 10 10 10 10 10 10 10 00 00 00 00 03 00 00 00 00 00 00 00 00 00 00 00 00 02
02 00 00 00 00 00 00 00 00 00 00 00 09 09 10 10 10 10 10 10 10 10 10 10 10 10 10 10 10 10 10 00 00 00 00 00 00 00 00 00 00 00 00 00 00 00 00 00 00 02
02 00 00 00 00 00 00 00 00 00 00 00 09 09 00 10 10 10 10 10 10 10 10 10 10 10 10 10 10 10 10 00 00 00 00 00 00 00 00 00 00 00 00 00 00 00 00 00 00 02
02 00 00 00 00 00 00 00 00 00 00 00 09 09 10 00 10 10 10 10 10 10 10 10 10 10 10 10 10 10 10 00 00 00 00 00 00 00 00 00 00 00 00 00 00 00 00 00 00 02
02 00 00 00 00 00 00 00 00 00 00 00 09 09 00 00 10 10 10 10 10 10 10 10 10 10 10 10 10 10 10 00 00 00 00 00 00 00 00 00 00 00 00 00 00 00 00 00 00 02
02 00 00 00 00 00 00 00 00 00 00 00 09 09 00 00 00 10 10 10 10 10 10 10 10 00 00 00 10 10 00 00 00 00 00 00 00 00 05 00 00 00 00 00 00 00 00 00 00 02
02 00 00 00 00 00 00 00 00 00 00 00 09 09 00 00 00 00 10 00 00 00 10 10 10 00 00 00 00 00 00 00 00 00 00 00 00 00 00 00 00 00 00 00 00 00 00 00 00 02
02 00 00 00 00 00 00 00 00 00 00 09 09 00 00 00 00 10 00 00 00 00 00 10 00 00 00 00 00 00 00 00 00 00 00 00 01 01 01 01 01 01 01 00 00 00 00 00 00 02
02 00 00 00 00 00 00 00 00 00 09 09 00 00 00 00 00 00 00 00 00 00 00 00 00 00 00 00 00 00 00 00 00 00 01 01 01 01 01 01 01 01 01 00 00 00 00 00 00 02
02 00 00 00 00 03 00 00 00 09 09 00 00 00 00 00 00 00 09 09 00 00 00 00 01 01 01 01 01 00 00 00 00 01 01 01 01 08 08 08 01 01 01 01 00 00 00 00 00 02
02 00 00 00 00 00 00 00 09 09 00 00 00 00 00 00 00 09 09 00 00 00 00 01 01 01 01 01 01 01 00 00 01 01 01 01 01 01 01 01 01 01 01 01 01 00 00 00 00 02
02 00 00 00 00 00 00 09 09 00 00 00 00 00 00 00 09 09 00 00 00 00 01 01 01 01 01 01 01 01 01 01 01 01 01 01 01 01 01 01 01 01 01 01 01 01 00 00 00 02
02 00 00 00 00 00 09 09 00 00 00 00 00 00 00 00 09 09 00 00 00 00 01 01 01 01 01 01 01 01 01 01 01 01 01 01 01 01 01 01 01 01 01 01 01 01 00 00 00 02
02 00 00 00 00 09 09 00 00 00 00 00 00 00 00 00 09 09 00 00 00 01 01 01 01 01 01 01 01 01 01 01 01 01 01 01 01 01 01 01 01 01 01 01 01 01 00 00 00 02
02 00 00 00 09 09 00 00 00 00 00 00 00 00 00 00 09 09 00 00 00 01 01 01 08 08 08 01 01 01 01 01 01 01 01 01 01 01 01 01 01 01 01 01 01 00 00 00 00 02
02 00 00 09 09 00 00 00 00 00 11 11 00 00 00 00 09 09 00 00 00 01 01 01 01 01 01 01 01 01 01 01 01 01 01 01 01 01 01 01 01 01 01 01 00 00 00 00 00 02
02 00 09 09 00 00 00 00 00 11 11 11 00 00 00 09 09 00 00 00 00 01 01 01 01 01 01 01 01 01 01 01 01 01 01 01 01 01 01 01 01 01 01 00 00 00 00 03 00 02
02 09 09 00 00 00 00 00 11 11 11 11 11 00 00 09 09 00 00 00 00 00 01 01 01 01 01 01 01 01 01 01 01 01 01 01 01 01 01 01 00 00 00 00 00 00 00 00 00 02
02 09 09 00 00 00 00 00 11 11 11 11 11 11 09 09 00 00 00 00 00 00 00 01 01 01 01 01 01 01 01 01 01 01 01 01 01 00 00 00 00 00 00 00 00 00 00 00 00 02
02 09 09 00 00 00 00 00 00 11 11 11 11 09 09 00 00 00 00 00 00 00 00 00 00 01 01 01 01 01 01 01 01 01 01 00 00 00 00 00 00 00 00 00 00 00 00 00 00 02
02 09 09 00 00 00 00 00 00 00 00 00 09 09 00 00 00 00 00 00 05 00 00 00 00 00 00 00 00 01 01 01 01 00 00 00 00 00 00 00 00 00 00 00 00 03 00 00 00 02
02 00 09 09 00 00 00 00 00 00 09 09 00 00 00 00 00 00 00 00 00 00 00 00 00 00 00 00 00 00 00 00 00 00 00 00 00 00 00 00 00 00 00 00 00 00 00 00 00 02
02 00 00 09 09 09 09 09 09 09 09 00 00 00 00 00 00 00 00 00 00 00 00 00 00 00 00 00 00 00 00 00 00 00 00 00 00 00 00 00 00 00 00 00 00 00 00 00 00 02
02 00 00 00 00 00 00 00 00 00 00 00 00 00 00 03 00 00 00 00 00 00 00 00 00 00 00 00 00 00 00 00 00 00 00 00 00 00 00 00 00 00 00 00 00 00 00 00 00 02
02 02 02 02 02 02 02 02 02 02 02 02 02 02 02 02 02 02 02 02 02 02 02 02 02 02 02 02 02 02 02 02 02 02 02 02 02 02 02 02 02 02 02 02 02 02 02 02 02 02